12 15 12 15 0 0 0 0 0 24 3 24 3 24 3 12 15 12 15 12 15 25 4 0 0 0 0 0 0 0
13 16 13 16 0 1 1 1 0 25 4 25 4 25 4 13 16 13 16 13 16 26 5 0 0 0 0 0 0 0
14 17 14 17 0 1 0 1 0 26 5 26 5 26 5 14 17 14 17 14 17 0 0 1 1 1 1 1 1 1
1 1 1 1 1 1 0 1 0 25 4 0 25 4 25 4 0 25 4 0 0 0 0 1 0 12 15 24 3 0
0 19 7 0 0 0 0 1 0 26 5 0 26 5 26 5 0 26 5 0 0 0 0 1 0 13 16 25 4 0
0 20 8 0 0 0 0 1 0 0 0 0 0 0 1 1 1 1 1 1 1 1 1 1 0 14 17 26 5 0
12 15 12 15 0 0 0 1 0 0 19 7 0 0 1 0 12 15 12 15 12 15 0 12 15 0 9 10 19 0
13 16 13 16 12 15 0 1 0 20 8 0 0 0 1 0 13 16 13 16 13 16 0 13 16 9 10 20 0 0
14 17 14 17 13 16 0 1 5 6 0 0 0 0 1 0 14 17 14 17 14 17 0 14 17 0 9 10 0 0
12 15 0 0 14 17 0 1 0 5 0 6 0 0 1 1 1 1 1 1 1 1 1 1 0 0 0 0 0 19
13 16 9 10 12 15 0 1 0 5 9 10 0 0 0 5 9 10 9 10 0 0 0 1 0 12 15 12 15 0
14 17 9 10 13 16 0 1 0 10 0 0 9 10 5 9 10 0 12 15 0 0 0 1 0 13 16 13 16 0
12 15 9 10 14 17 0 1 1 1 1 1 1 1 1 1 1 0 13 16 0 0 0 1 0 14 17 14 17 0
13 16 9 10 12 15 12 15 12 15 12 15 0 0 0 0 1 0 14 17 0 0 0 1 0 0 0 0 0 0
14 17 9 10 13 16 13 16 13 16 13 16 5 6 19 0 1 0 12 15 0 0 0 1 0 0 12 15 12 15
9 10 9 10 14 17 14 17 14 17 14 17 19 20 0 0 1 0 13 16 0 19 0 1 0 0 13 16 13 16
9 10 30 33 36 36 39 12 15 12 15 12 15 12 15 0 1 0 14 17 0 0 0 1 0 0 14 17 14 17
12 15 31 34 37 37 40 13 16 13 16 13 16 13 16 0 1 1 1 1 1 1 1 1 12 15 12 15 12 15
13 16 32 35 38 38 41 14 17 14 17 14 17 14 17 5 6 0 20 19 5 6 5 6 13 16 13 16 13 16
14 17 9 45 48 48 47 19 20 9 10 20 19 20 19 20 5 6 20 19 0 5 6 0 14 17 14 17 14 17

-1 -1 -1 -1 -1 -1 -1 -1 -1 -1 -1 -1 -1 -1 -1 -1 -1 -1 -1 -1 -1 -1 -1 -1 -1 -1 -1 -1 -1 -1
-1 -1 -1 -1 -1 -1 -1 -1 -1 -1 -1 -1 -1 -1 -1 -1 -1 -1 -1 -1 -1 -1 -1 -1 -1 -1 -1 -1 -1 -1
-1 -1 -1 -1 -1 -1 -1 -1 -1 -1 -1 -1 -1 -1 -1 -1 -1 -1 -1 -1 -1 -1 -1 -1 -1 -1 -1 -1 -1 4
5 -1 -1 -1 -1 -1 -1 -1 -1 -1 -1 -1 -1 -1 -1 -1 -1 -1 -1 -1 -1 -1 -1 -1 -1 -1 -1 -1 -1 -1
-1 -1 -1 -1 -1 -1 -1 -1 -1 -1 -1 -1 -1 -1 -1 -1 -1 -1 -1 -1 -1 -1 -1 -1 -1 -1 -1 -1 -1 -1
-1 -1 -1 -1 -1 -1 -1 -1 -1 -1 -1 -1 -1 -1 -1 -1 -1 -1 -1 -1 -1 -1 -1 -1 -1 -1 -1 -1 -1 -1
